830
313 454
291 99
605 69
160 251
264 720
596 118
753 569
469 384
191 273
240 215
274 697
58 44
258 565
292 231
93 345
465 468
782 101
819 642
67 507
27 88
134 397
254 155
792 177
51 68
334 479
735 395
323 37
448 508
144 97
690 136
106 133
340 274
182 255
390 143
155 337
351 210
515 430
384 34
88 213
302 328
79 367
450 621
635 795
675 456
112 460
271 453
704 259
623 293
648 210
269 451
36 797
93 76
79 234
547 279
756 603
336 222
30 175
570 125
587 377
497 341
240 786
130 246
41 458
157 335
820 400
293 228
297 817
553 700
383 131
636 752
155 42
160 61
582 125
635 386
5 27
821 207
328 644
139 84
60 30
421 583
344 189
326 200
426 400
409 270
662 398
55 52
99 73
21 51
760 420
707 692
788 471
649 751
533 415
296 72
104 53
29 204
349 494
804 194
411 730
66 52
144 157
287 214
167 43
300 421
456 195
548 494
265 129
799 277
787 706
4 14
27 484
298 191
474 483
546 188
750 205
25 569
665 269
291 297
399 444
224 64
169 78
598 647
59 324
198 729
80 76
705 129
540 515
162 126
604 211
75 358
808 598
365 776
561 61
189 539
101 528
192 123
532 414
198 248
353 733
288 283
510 418
523 467
47 34
520 376
584 575
194 114
341 525
529 143
325 111
279 824
211 300
573 379
303 75
221 45
628 219
220 184
435 285
121 97
660 324
316 132
89 183
74 67
15 5
147 767
428 110
419 519
778 790
269 225
31 150
810 275
643 663
563 514
212 179
682 822
774 380
254 725
196 512
425 405
722 53
125 260
222 223
310 284
368 221
763 589
165 129
350 288
44 34
67 69
581 38
742 194
84 51
184 126
395 678
168 88
172 284
88 571
622 151
747 436
129 62
388 536
418 23
89 103
549 111
263 558
671 617
75 90
77 1
443 83
65 44
252 353
116 156
261 333
350 562
226 278
627 74
29 6
189 201
8 16
709 237
667 184
375 656
105 749
131 301
486 434
493 34
8 5
43 331
264 289
82 654
165 352
193 187
85 342
107 13
538 150
290 7
425 566
746 622
415 61
364 586
251 827
770 195
406 412
372 643
260 319
524 101
800 616
18 20
1 2
130 173
22 19
95 81
65 373
634 20
437 645
102 27
51 195
7 281
403 342
723 573
376 485
4 30
253 46
741 536
204 818
433 96
280 439
239 136
606 220
545 333
464 209
551 748
77 186
85 465
517 620
823 489
426 826
46 689
448 249
555 163
146 544
64 8
371 429
402 348
473 17
462 636
175 261
109 408
6 7
577 382
796 712
159 743
168 177
57 250
597 813
521 380
721 677
34 24
783 170
117 148
426 471
73 46
122 174
114 83
36 13
727 516
672 807
536 734
78 618
320 300
141 52
467 387
116 53
49 79
503 425
43 33
779 419
86 136
228 75
82 187
315 155
108 20
192 537
355 306
706 361
117 147
33 154
149 229
416 541
29 652
92 445
79 235
405 691
5 3
803 311
395 240
286 498
370 459
84 306
258 33
684 88
63 1
191 38
25 22
5 24
11 87
252 630
401 142
224 754
129 185
284 708
76 60
142 58
32 31
785 422
1 130
215 150
247 256
211 230
680 3
123 411
116 356
73 89
392 48
108 496
432 319
7 172
377 335
151 76
23 396
406 256
181 110
44 354
108 655
206 162
327 292
805 39
27 40
143 334
91 34
673 390
313 173
592 148
234 305
81 499
334 591
765 678
534 757
557 51
34 96
686 14
609 825
281 676
68 626
302 248
560 275
32 509
78 35
209 105
70 13
791 339
386 637
372 446
323 559
349 114
285 201
65 81
615 476
196 116
126 241
122 84
228 318
343 107
246 457
661 35
324 778
209 231
17 550
716 364
214 191
517 658
15 556
126 815
613 718
436 601
713 630
119 126
218 151
53 164
430 287
614 435
136 612
793 779
237 225
78 580
17 534
126 266
758 272
109 535
188 83
398 29
242 58
410 322
466 66
171 132
232 170
219 122
174 794
85 506
212 441
48 16
285 427
52 45
437 608
200 123
328 447
297 382
314 272
148 728
50 416
595 334
83 666
522 402
642 547
180 50
262 111
436 588
78 477
769 341
28 26
317 2
33 226
101 123
64 332
56 32
41 207
373 375
75 8
745 239
407 323
263 88
516 650
123 217
624 251
400 243
58 197
277 530
516 511
18 98
236 699
677 10
526 327
10 257
85 227
112 110
145 764
23 13
329 97
135 61
469 740
195 330
62 504
128 25
423 670
37 45
370 219
603 348
631 204
478 208
276 235
327 589
341 107
611 373
50 127
65 140
202 195
208 108
91 272
19 33
149 62
487 773
116 491
490 304
322 437
711 585
361 449
693 577
138 20
391 55
714 452
462 316
399 375
339 253
214 280
617 190
489 421
130 434
599 114
27 38
124 7
715 126
86 111
766 531
613 41
21 1
125 161
9 26
41 440
62 132
88 552
111 424
236 394
1 9
668 780
110 145
72 50
387 374
324 625
22 39
405 115
668 430
183 247
360 809
46 59
594 9
39 438
101 41
829 224
198 379
230 363
156 696
423 239
551 497
379 598
353 575
54 372
814 146
234 738
94 282
124 369
63 110
464 762
197 513
431 173
651 334
309 177
286 798
641 131
16 54
512 567
419 123
457 472
144 365
422 320
286 264
24 97
23 61
13 6
382 579
420 98
6 46
581 657
143 22
314 664
163 162
307 48
153 131
683 739
247 385
471 495
44 57
211 413
683 386
493 672
158 138
72 238
252 246
122 152
439 646
256 274
10 476
109 100
726 209
717 31
231 470
180 593
279 585
271 784
92 68
65 159
527 425
775 115
531 424
472 518
223 811
199 68
14 590
772 684
243 220
332 488
244 107
42 275
85 68
251 364
506 638
568 152
226 694
267 40
441 698
67 58
109 259
305 639
389 692
15 271
42 23
543 109
160 801
14 17
39 134
751 755
348 106
105 38
277 574
485 724
264 188
30 113
232 361
76 308
211 91
389 168
68 115
62 10
34 125
777 760
75 436
86 62
404 150
20 53
492 383
127 311
148 357
305 371
2 4
270 201
348 554
36 812
137 1
1 12
50 4
9 19
4 10
213 442
450 419
432 710
45 131
233 17
414 136
311 632
322 96
182 157
3 1
619 669
554 712
505 92
487 335
220 737
319 417
651 732
347 135
299 292
2 731
517 373
106 105
304 2
207 249
610 510
361 480
71 59
176 17
68 120
7 11
18 4
702 789
63 83
629 444
1 49
366 67
277 221
137 553
312 572
15 283
245 9
41 24
198 141
178 48
6 5
600 11
517 771
360 340
262 386
40 701
170 52
597 160
719 60
359 206
500 320
146 87
9 35
427 681
39 82
5 616
374 158
7 463
272 768
363 461
166 163
190 111
429 607
473 685
828 389
830 83
216 188
542 160
619 357
736 595
695 294
659 570
674 679
411 702
461 682
346 213
100 89
604 806
816 608
